	9
0.00000E+00 0.02500E+01	0.05000E+01 0.10000E+01 0.15000E+01
0.20000E+01 0.30000E+01 0.40000E+01 0.50000E+01
	5
0.00000E+00 9.00000E+01 1.80000E+02 2.70000E+02 3.60000E+02
	86
 -1.50000E+02 -1.46000E+02 -1.42000E+02 -1.38000E+02 -1.34000E+02
 -1.30000E+02 -1.26000E+02 -1.22000E+02 -1.18000E+02 -1.14000E+02
 -1.12000E+02 -1.10000E+02 -1.08000E+02 -1.06000E+02 -1.04000E+02
 -1.02000E+02 -1.00000E+02 -9.80000E+01 -9.60000E+01 -9.40000E+01
 -9.20000E+01 -9.00000E+01 -8.80000E+01 -8.60000E+01 -8.40000E+01
 -8.20000E+01 -8.00000E+01 -7.80000E+01 -7.60000E+01 -7.40000E+01
 -7.20000E+01 -7.00000E+01 -6.80000E+01 -6.60000E+01 -6.40000E+01
 -6.20000E+01 -6.00000E+01 -5.80000E+01 -5.60000E+01 -5.40000E+01
 -5.20000E+01 -5.00000E+01 -4.80000E+01 -4.60000E+01 -4.40000E+01
 -4.20000E+01 -4.00000E+01 -3.80000E+01 -3.60000E+01 -3.40000E+01
 -3.20000E+01 -3.00000E+01 -2.80000E+01 -2.60000E+01 -2.40000E+01
 -2.20000E+01 -2.00000E+01 -1.80000E+01 -1.70000E+01 -1.60000E+01
 -1.50000E+01 -1.40000E+01 -1.30000E+01 -1.20000E+01 -1.10000E+01
 -1.00000E+01 -9.00000E+00 -8.00000E+00 -7.00000E+00 -6.00000E+00
 -5.00000E+00 -4.00000E+00 -3.00000E+00 -2.00000E+00 -1.80000E+00
 -1.60000E+00 -1.40000E+00 -1.20000E+00 -1.00000E+00 -0.80000E+00
 -0.60000E+00 -0.40000E+00 -0.30000E+00 -0.20000E+00 -0.10000E+00
  0.00000E+00
 