CASE 42OKAY_0101_122222
BUIL        34.66133.92  36.0    10  24.0    50     0
CNTL         0  0  1  1  0    12 15     1  1    12 31  0
EXPS S       90.0   0.0  0  0   0.0   0.0   0.0   0.0   0.0   0.0   0.0   0.0
WCON OW1    84 15 22150
WCON CEI    75 12 92    22150 41  3
WCON FLO    41  3 22150 92    75 12
WCON IWL    32  9 92    22150 92    32  9
SEAS         2  2  2  3  3  1  1  1  1  3  3  2
WSCH WSC     1  1  1  1  1  3  3  3  3
DSCH LIT     8100 12 50 13100 20 80 21
DSCH MAN     8100 12 60 13100 18 50 19 30 20 20 21
DSCH ZER     1 25  8100 12 80 13100 19 50 21 25 24
+            1 25 24
+            1 25 24
OPCO OPC1    8 21 21     8 24 24 50 50  0  8 24 24 50 50  0  8 24 24 50 50   0.0

SPAC ROOMWSC     0.0   4.5   3.5  0  0   100.0
OWAL OW1 S     80 90                     22.50
WNDW DL06S      3  0     0  0     0     022.50
IWAL FLO     0     0                     100.0
IWAL CEI     0     0                     100.0
FURN              40    80
SOPC OPC1   99999 99999 99999 99999

CMPL